5 0.1546875 0.44140625 0.10234375 0.15885416666666666
2 0.8265625 0.46875 0.2953125 0.19921875
2 0.60625 0.4518229166666667 0.04453125 0.06380208333333333
2 0.671875 0.453125 0.040625 0.07161458333333333
3 0.25625 0.4674479166666667 0.04375 0.07682291666666667
3 0.5 0.5013020833333334 0.0421875 0.10677083333333333
3 0.6390625 0.4765625 0.03046875 0.06901041666666667
3 0.41875 0.4986979166666667 0.0765625 0.140625
5 0.39140625 0.4296875 0.10625 0.234375
2 0.55 0.4453125 0.06953125 0.09244791666666667
3 0.5421875 0.4635416666666667 0.0359375 0.12630208333333334