2 0.928125 0.5690104166666666 0.14375 0.203125
3 0.95859375 0.5872395833333334 0.0828125 0.1953125
3 0.3875 0.5052083333333334 0.07890625 0.24609375
3 0.4546875 0.5065104166666666 0.05234375 0.17447916666666666
3 0.5625 0.50390625 0.03515625 0.10286458333333333
3 0.5921875 0.5026041666666666 0.02265625 0.09114583333333333
3 0.6328125 0.5143229166666666 0.03203125 0.10286458333333333
3 0.66640625 0.5143229166666666 0.0234375 0.08203125
2 0.628125 0.4869791666666667 0.06484375 0.08723958333333333
2 0.140625 0.51953125 0.28125 0.2838541666666667
2 0.3078125 0.4921875 0.06484375 0.07552083333333333
2 0.3421875 0.4895833333333333 0.10234375 0.1015625
2 0.49375 0.5 0.05 0.08854166666666667
3 0.5171875 0.4973958333333333 0.02109375 0.0859375