2 0.10078125 0.5872395833333334 0.1328125 0.13802083333333334
2 0.70546875 0.5885416666666666 0.0578125 0.08854166666666667
2 0.375 0.5846354166666666 0.08203125 0.10807291666666667
2 0.3515625 0.578125 0.05390625 0.09635416666666667
2 0.62890625 0.5833333333333334 0.0390625 0.07291666666666667
2 0.21171875 0.5859375 0.06875 0.10286458333333333
3 0.2484375 0.5963541666666666 0.11328125 0.24739583333333334
3 0.4890625 0.6184895833333334 0.09140625 0.2721354166666667
3 0.4140625 0.6067708333333334 0.08515625 0.22395833333333334
3 0.58203125 0.5924479166666666 0.04375 0.14192708333333334
3 0.6625 0.59765625 0.03203125 0.12630208333333334
5 0.55 0.5859375 0.046875 0.125