3 0.059375 0.5494791666666666 0.11796875 0.4830729166666667
3 0.28125 0.5520833333333334 0.15 0.37109375
3 0.171875 0.515625 0.0953125 0.24869791666666666
3 0.65625 0.5416666666666666 0.04140625 0.15234375
3 0.60234375 0.53515625 0.025 0.140625
3 0.625 0.5338541666666666 0.0234375 0.12239583333333333
3 0.8390625 0.58203125 0.1359375 0.14973958333333334
2 0.95625 0.6197916666666666 0.08671875 0.18880208333333334
2 0.95078125 0.5455729166666666 0.0984375 0.13802083333333334
2 0.134375 0.5091145833333334 0.10703125 0.10286458333333333
5 0.4140625 0.5026041666666666 0.09921875 0.15885416666666666
5 0.54375 0.53125 0.09765625 0.17578125
5 0.709375 0.5286458333333334 0.0390625 0.09114583333333333