2 0.478125 0.9375 0.10234375 0.125
2 0.0515625 0.90234375 0.103125 0.19401041666666666
2 0.25234375 0.3815104166666667 0.0625 0.10546875
2 0.28828125 0.18619791666666666 0.03359375 0.061197916666666664
2 0.2390625 0.16015625 0.03125 0.0625
2 0.40625 0.16536458333333334 0.0359375 0.059895833333333336
6 0.33828125 0.13932291666666666 0.0359375 0.09114583333333333
2 0.29453125 0.10677083333333333 0.02421875 0.041666666666666664
2 0.28203125 0.046875 0.028125 0.029947916666666668
6 0.34296875 0.01171875 0.0140625 0.0234375
1 0.31796875 0.013020833333333334 0.01796875 0.026041666666666668