2 0.803125 0.9088541666666666 0.1328125 0.18229166666666666
6 0.515625 0.6575520833333334 0.08125 0.23567708333333334
2 0.3421875 0.2994791666666667 0.05859375 0.11588541666666667
2 0.428125 0.21875 0.05078125 0.078125
2 0.4703125 0.3372395833333333 0.05234375 0.10416666666666667
2 0.49375 0.4557291666666667 0.0625 0.13932291666666666
2 0.040625 0.9322916666666666 0.08125 0.13541666666666666
2 0.2203125 0.46484375 0.07734375 0.13671875
2 0.30390625 0.6028645833333334 0.0890625 0.19010416666666666
2 0.240625 0.15885416666666666 0.03125 0.061197916666666664
2 0.28515625 0.18098958333333334 0.0328125 0.061197916666666664
2 0.340625 0.1875 0.0328125 0.057291666666666664
2 0.403125 0.14453125 0.02734375 0.048177083333333336
2 0.3859375 0.10416666666666667 0.0265625 0.037760416666666664
2 0.3734375 0.07682291666666667 0.02109375 0.036458333333333336
2 0.36328125 0.06380208333333333 0.01640625 0.03125
2 0.32109375 0.0390625 0.0171875 0.02734375
1 0.29140625 0.03515625 0.021875 0.044270833333333336
2 0.3171875 0.01171875 0.0140625 0.0234375