6 0.49609375 0.5 0.0859375 0.2421875
0 0.3328125 0.09895833333333333 0.03828125 0.09765625
2 0.34453125 0.3450520833333333 0.05 0.10286458333333333
2 0.28046875 0.2630208333333333 0.03984375 0.07942708333333333
2 0.21171875 0.8489583333333334 0.15625 0.3020833333333333
2 0.4609375 0.3385416666666667 0.04921875 0.08984375
2 0.43671875 0.2565104166666667 0.04296875 0.0703125
2 0.240625 0.15625 0.03046875 0.059895833333333336
2 0.2859375 0.15494791666666666 0.0296875 0.053385416666666664
2 0.3484375 0.19010416666666666 0.03359375 0.061197916666666664
2 0.42109375 0.20833333333333334 0.034375 0.061197916666666664
2 0.41015625 0.15494791666666666 0.03671875 0.06640625
2 0.29296875 0.07421875 0.0234375 0.046875
2 0.321875 0.04296875 0.01796875 0.02734375
2 0.3140625 0.015625 0.0140625 0.029947916666666668
2 0.3828125 0.11067708333333333 0.0234375 0.044270833333333336
2 0.39609375 0.1328125 0.025 0.05859375
2 0.37265625 0.08984375 0.02109375 0.041666666666666664