2 0.228125 0.7734375 0.12578125 0.2721354166666667
6 0.2578125 0.3359375 0.06484375 0.13020833333333334
2 0.33125 0.3880208333333333 0.0578125 0.11848958333333333
2 0.240625 0.15885416666666666 0.03125 0.059895833333333336
2 0.2921875 0.16145833333333334 0.03046875 0.053385416666666664
2 0.2921875 0.09765625 0.025 0.040364583333333336
2 0.325 0.048177083333333336 0.01953125 0.033854166666666664
2 0.35859375 0.041666666666666664 0.01796875 0.028645833333333332
2 0.3359375 0.09895833333333333 0.02421875 0.0390625
2 0.34140625 0.13932291666666666 0.021875 0.044270833333333336
2 0.390625 0.11197916666666667 0.0265625 0.037760416666666664
2 0.45078125 0.2565104166666667 0.04375 0.08072916666666667
2 0.4828125 0.4296875 0.059375 0.13411458333333334