2 0.05390625 0.8684895833333334 0.1078125 0.2630208333333333
2 0.240625 0.7369791666666666 0.12890625 0.3059895833333333
2 0.896875 0.578125 0.11875 0.18098958333333334
2 0.48984375 0.7903645833333334 0.0984375 0.2630208333333333
2 0.49375 0.5611979166666666 0.06796875 0.16796875
2 0.4796875 0.4283854166666667 0.05625 0.12109375
6 0.46875 0.30859375 0.05390625 0.11848958333333333
2 0.27109375 0.3255208333333333 0.0546875 0.09635416666666667
2 0.34140625 0.16666666666666666 0.0328125 0.06901041666666667
2 0.3421875 0.2734375 0.040625 0.07161458333333333
2 0.28984375 0.2109375 0.03125 0.059895833333333336
2 0.41640625 0.1953125 0.0328125 0.05859375
2 0.44453125 0.25 0.04296875 0.09505208333333333
2 0.24140625 0.15755208333333334 0.03125 0.061197916666666664
2 0.2921875 0.13932291666666666 0.03125 0.06640625
2 0.38671875 0.12760416666666666 0.03125 0.05078125
2 0.37578125 0.08854166666666667 0.02421875 0.037760416666666664
2 0.334375 0.10546875 0.02578125 0.040364583333333336
2 0.328125 0.06380208333333333 0.02109375 0.037760416666666664
2 0.34609375 0.01953125 0.01875 0.029947916666666668