2 0.0421875 0.91796875 0.084375 0.1640625
6 0.28125 0.6640625 0.1078125 0.2747395833333333
2 0.50859375 0.8515625 0.1015625 0.296875
2 0.4921875 0.5208333333333334 0.0625 0.1484375
2 0.33125 0.3528645833333333 0.05546875 0.10807291666666667
2 0.4734375 0.3880208333333333 0.05703125 0.11588541666666667
6 0.46015625 0.265625 0.04453125 0.09635416666666667
2 0.240625 0.15755208333333334 0.02890625 0.05859375
2 0.34453125 0.2109375 0.03203125 0.05859375
2 0.4171875 0.1875 0.0359375 0.061197916666666664
1 0.28828125 0.14453125 0.03515625 0.07161458333333333
2 0.33125 0.11328125 0.025 0.041666666666666664
2 0.40234375 0.14973958333333334 0.03125 0.05859375
2 0.37890625 0.11067708333333333 0.03125 0.05078125
2 0.328125 0.0703125 0.0203125 0.032552083333333336
2 0.2921875 0.05078125 0.0171875 0.02734375
2 0.35 0.02734375 0.01328125 0.024739583333333332
2 0.321875 0.041666666666666664 0.015625 0.026041666666666668
2 0.36484375 0.05859375 0.01953125 0.03125
2 0.35625 0.040364583333333336 0.01796875 0.02734375