3 0.2890625 0.24739583333333334 0.0171875 0.059895833333333336
6 0.340625 0.2799479166666667 0.05234375 0.13802083333333334
3 0.3109375 0.08333333333333333 0.01171875 0.036458333333333336
1 0.46953125 0.3203125 0.07890625 0.16145833333333334
2 0.30078125 0.6393229166666666 0.09296875 0.20703125
2 0.19375 0.5546875 0.10078125 0.16666666666666666
2 0.484375 0.6236979166666666 0.07265625 0.19661458333333334
2 0.48671875 0.45703125 0.07109375 0.15885416666666666
2 0.26015625 0.34765625 0.0609375 0.10546875
2 0.240625 0.15885416666666666 0.03125 0.059895833333333336
2 0.2875 0.19401041666666666 0.034375 0.05859375
2 0.3453125 0.1875 0.03359375 0.05078125
2 0.38203125 0.09895833333333333 0.02734375 0.037760416666666664
2 0.35703125 0.0546875 0.01875 0.029947916666666668
2 0.3234375 0.044270833333333336 0.01796875 0.029947916666666668
2 0.2953125 0.045572916666666664 0.015625 0.03125
2 0.29140625 0.07942708333333333 0.02109375 0.033854166666666664
6 0.2875 0.12630208333333334 0.02578125 0.0546875
2 0.340625 0.016927083333333332 0.01484375 0.0234375
2 0.34921875 0.03125 0.015625 0.026041666666666668
2 0.328125 0.07161458333333333 0.02109375 0.028645833333333332
2 0.33515625 0.1171875 0.025 0.0546875
2 0.33984375 0.14453125 0.02578125 0.05859375