2 0.06171875 0.8815104166666666 0.1234375 0.23697916666666666
2 0.2265625 0.8958333333333334 0.13984375 0.20833333333333334
2 0.165625 0.5859375 0.10390625 0.18619791666666666
2 0.49921875 0.5078125 0.0640625 0.1484375
2 0.334375 0.375 0.04921875 0.11458333333333333
1 0.24375 0.375 0.09921875 0.18880208333333334
6 0.27890625 0.23567708333333334 0.0484375 0.1171875
2 0.240625 0.15885416666666666 0.03046875 0.057291666666666664
2 0.4640625 0.31640625 0.05703125 0.10026041666666667
2 0.4171875 0.22265625 0.03984375 0.059895833333333336
2 0.34296875 0.22135416666666666 0.03828125 0.0625
6 0.2890625 0.14973958333333334 0.02890625 0.061197916666666664
2 0.29140625 0.09635416666666667 0.02109375 0.032552083333333336
2 0.321875 0.029947916666666668 0.01875 0.026041666666666668
2 0.325 0.059895833333333336 0.0171875 0.03125
2 0.33515625 0.08333333333333333 0.02109375 0.03125
2 0.37421875 0.08854166666666667 0.0265625 0.0546875
2 0.39453125 0.13932291666666666 0.03203125 0.05078125