2 0.2953125 0.7083333333333334 0.10390625 0.22916666666666666
2 0.490625 0.5390625 0.0671875 0.1484375
2 0.228125 0.4388020833333333 0.07734375 0.12109375
2 0.325 0.50390625 0.0671875 0.14583333333333334
2 0.33125 0.37890625 0.05 0.1171875
2 0.43671875 0.26171875 0.04609375 0.09375
2 0.23984375 0.15625 0.0296875 0.059895833333333336
2 0.28984375 0.20703125 0.0359375 0.059895833333333336
2 0.35078125 0.30078125 0.04375 0.09114583333333333
2 0.415625 0.18880208333333334 0.0375 0.057291666666666664
6 0.39453125 0.12239583333333333 0.03515625 0.07291666666666667
2 0.35 0.21484375 0.03515625 0.06640625
2 0.3453125 0.16796875 0.03515625 0.053385416666666664
2 0.33828125 0.13020833333333334 0.02578125 0.0546875
2 0.2921875 0.08984375 0.025 0.037760416666666664
2 0.2921875 0.01953125 0.01953125 0.03125
1 0.31875 0.018229166666666668 0.01953125 0.03515625
2 0.35 0.03125 0.0171875 0.02734375
2 0.3625 0.061197916666666664 0.0203125 0.032552083333333336
2 0.37734375 0.09895833333333333 0.01796875 0.036458333333333336
2 0.3328125 0.1015625 0.0265625 0.040364583333333336