4 0.1203125 0.6953125 0.240625 0.6080729166666666
2 0.46953125 0.3567708333333333 0.05625 0.11979166666666667
2 0.33671875 0.3177083333333333 0.0453125 0.09244791666666667
2 0.3375 0.23958333333333334 0.0375 0.07421875
2 0.41484375 0.1796875 0.0390625 0.06640625
2 0.240625 0.15625 0.03125 0.05859375
2 0.2875 0.20052083333333334 0.03203125 0.06380208333333333
2 0.3359375 0.14973958333333334 0.03046875 0.053385416666666664
2 0.2921875 0.14322916666666666 0.02578125 0.045572916666666664
2 0.37578125 0.09375 0.02578125 0.0390625
2 0.3296875 0.09635416666666667 0.0265625 0.036458333333333336
2 0.359375 0.057291666666666664 0.02109375 0.033854166666666664
2 0.34921875 0.022135416666666668 0.01796875 0.02734375
2 0.32578125 0.059895833333333336 0.01875 0.03125
2 0.2921875 0.059895833333333336 0.02109375 0.033854166666666664
2 0.29296875 0.029947916666666668 0.01875 0.029947916666666668
2 0.32109375 0.028645833333333332 0.01640625 0.026041666666666668
2 0.3171875 0.009114583333333334 0.01328125 0.018229166666666668