2 0.509375 0.8502604166666666 0.0984375 0.2994791666666667
0 0.33125 0.08723958333333333 0.05703125 0.15494791666666666
2 0.49453125 0.4466145833333333 0.06875 0.171875
2 0.46875 0.3255208333333333 0.05234375 0.11067708333333333
2 0.43046875 0.22526041666666666 0.03984375 0.07291666666666667
2 0.23984375 0.15494791666666666 0.03125 0.057291666666666664
2 0.41015625 0.18489583333333334 0.0390625 0.0703125
2 0.3984375 0.15494791666666666 0.0328125 0.052083333333333336
2 0.38359375 0.12109375 0.028125 0.05078125
2 0.37109375 0.0859375 0.025 0.041666666666666664
2 0.36328125 0.06901041666666667 0.0171875 0.036458333333333336
2 0.2921875 0.061197916666666664 0.01875 0.033854166666666664