2 0.5140625 0.8502604166666666 0.10390625 0.2994791666666667
2 0.30703125 0.5364583333333334 0.0828125 0.18359375
2 0.4796875 0.4231770833333333 0.0546875 0.13932291666666666
2 0.3390625 0.2994791666666667 0.04375 0.08854166666666667
2 0.4453125 0.2747395833333333 0.04453125 0.07682291666666667
2 0.2890625 0.21354166666666666 0.03828125 0.07161458333333333
2 0.2390625 0.15885416666666666 0.03515625 0.05859375
2 0.29296875 0.13411458333333334 0.0296875 0.046875
1 0.3375 0.12109375 0.03359375 0.10026041666666667
2 0.39765625 0.14453125 0.0296875 0.055989583333333336
2 0.29296875 0.0390625 0.0171875 0.033854166666666664
2 0.34609375 0.026041666666666668 0.015625 0.02734375
2 0.36640625 0.06901041666666667 0.0234375 0.03515625
2 0.31640625 0.009114583333333334 0.0140625 0.018229166666666668