6 0.15234375 0.6184895833333334 0.11953125 0.2552083333333333
2 0.2765625 0.6302083333333334 0.0890625 0.19140625
4 0.478125 0.96875 0.1125 0.0625
2 0.25390625 0.37109375 0.0578125 0.10807291666666667
2 0.240625 0.16015625 0.0359375 0.0625
2 0.290625 0.13411458333333334 0.02578125 0.05078125
2 0.33828125 0.15104166666666666 0.0296875 0.0546875
2 0.36015625 0.052083333333333336 0.01875 0.03125
2 0.34609375 0.0234375 0.0171875 0.024739583333333332
2 0.3171875 0.020833333333333332 0.01484375 0.024739583333333332
2 0.2921875 0.044270833333333336 0.01640625 0.029947916666666668