0 0.240625 0.3515625 0.13515625 0.3828125
2 0.503125 0.89453125 0.09765625 0.2109375
2 0.33984375 0.25 0.0421875 0.07552083333333333
2 0.434375 0.22005208333333334 0.04296875 0.08333333333333333
2 0.23984375 0.15364583333333334 0.02890625 0.053385416666666664
2 0.3015625 0.15364583333333334 0.0296875 0.046875
6 0.33359375 0.0859375 0.02890625 0.07421875
2 0.29609375 0.08072916666666667 0.02109375 0.037760416666666664
2 0.36796875 0.06901041666666667 0.0234375 0.036458333333333336
2 0.35 0.024739583333333332 0.01796875 0.03125
2 0.31953125 0.022135416666666668 0.01875 0.033854166666666664