2 0.21640625 0.7317708333333334 0.1140625 0.2421875
2 0.4765625 0.4088541666666667 0.0546875 0.1171875
2 0.275 0.29296875 0.0484375 0.09244791666666667
2 0.23984375 0.15885416666666666 0.03203125 0.059895833333333336
2 0.28828125 0.109375 0.0203125 0.040364583333333336
2 0.33203125 0.10807291666666667 0.02578125 0.04296875
2 0.40546875 0.14713541666666666 0.03046875 0.046875
2 0.371875 0.07421875 0.021875 0.0390625
2 0.32890625 0.07161458333333333 0.02109375 0.033854166666666664
2 0.32109375 0.052083333333333336 0.01953125 0.028645833333333332
2 0.31953125 0.026041666666666668 0.0171875 0.0234375