1 0.08125 0.78125 0.1625 0.4375
6 0.79296875 0.7734375 0.1765625 0.453125
6 0.46015625 0.2877604166666667 0.0625 0.14192708333333334
1 0.32421875 0.046875 0.028125 0.07421875
2 0.48984375 0.6223958333333334 0.084375 0.22526041666666666
2 0.33828125 0.40625 0.0578125 0.12109375
2 0.48984375 0.421875 0.06171875 0.13020833333333334
2 0.25546875 0.3528645833333333 0.05546875 0.09375
2 0.34921875 0.2942708333333333 0.04609375 0.08333333333333333
2 0.240625 0.15755208333333334 0.03046875 0.05859375
2 0.284375 0.203125 0.0390625 0.07161458333333333
2 0.41015625 0.18359375 0.03203125 0.059895833333333336
2 0.42421875 0.24088541666666666 0.03046875 0.06640625
2 0.346875 0.21614583333333334 0.03515625 0.07942708333333333
2 0.340625 0.15625 0.03125 0.055989583333333336
2 0.39375 0.140625 0.028125 0.044270833333333336
2 0.375 0.078125 0.0234375 0.045572916666666664
2 0.36484375 0.05859375 0.01875 0.040364583333333336
2 0.35234375 0.033854166666666664 0.01484375 0.02734375
2 0.28984375 0.109375 0.02421875 0.040364583333333336
2 0.2921875 0.06901041666666667 0.02265625 0.032552083333333336
2 0.2921875 0.033854166666666664 0.01484375 0.02734375
2 0.33203125 0.08984375 0.02265625 0.033854166666666664
2 0.3359375 0.12109375 0.028125 0.03125
2 0.3421875 0.01171875 0.01328125 0.022135416666666668