2 0.25390625 0.3411458333333333 0.0625 0.125
2 0.05703125 0.8932291666666666 0.1140625 0.21354166666666666
2 0.21328125 0.9244791666666666 0.12890625 0.15104166666666666
6 0.2953125 0.5494791666666666 0.10859375 0.30859375
2 0.503125 0.6809895833333334 0.08828125 0.2565104166666667
2 0.48046875 0.4296875 0.059375 0.125
2 0.45390625 0.3059895833333333 0.05546875 0.11848958333333333
1 0.4265625 0.19270833333333334 0.06015625 0.10416666666666667
3 0.3015625 0.2565104166666667 0.01953125 0.06640625
2 0.34609375 0.19140625 0.0328125 0.059895833333333336
2 0.24140625 0.15755208333333334 0.03125 0.05859375
2 0.34453125 0.26953125 0.040625 0.07291666666666667
2 0.3328125 0.3606770833333333 0.06171875 0.13411458333333334
2 0.284375 0.18359375 0.0328125 0.055989583333333336
6 0.32734375 0.05859375 0.02421875 0.05859375
2 0.29296875 0.08723958333333333 0.0234375 0.036458333333333336
2 0.29296875 0.046875 0.0203125 0.02734375
2 0.31640625 0.010416666666666666 0.0140625 0.01953125
2 0.32421875 0.020833333333333332 0.01484375 0.01953125
2 0.78046875 0.9283854166666666 0.10625 0.14322916666666666