6 0.178125 0.8098958333333334 0.21171875 0.37890625
6 0.2890625 0.09114583333333333 0.02734375 0.0703125
2 0.23984375 0.15885416666666666 0.03515625 0.06510416666666667
2 0.290625 0.18229166666666666 0.03125 0.055989583333333336
1 0.3046875 0.3489583333333333 0.08515625 0.23307291666666666
2 0.33671875 0.17057291666666666 0.034375 0.05859375
2 0.4421875 0.2643229166666667 0.0421875 0.08072916666666667
2 0.4890625 0.4479166666666667 0.0578125 0.13932291666666666
2 0.34609375 0.016927083333333332 0.01484375 0.022135416666666668
2 0.2921875 0.022135416666666668 0.01875 0.024739583333333332
1 0.3203125 0.018229166666666668 0.0171875 0.036458333333333336