2 0.21171875 0.5169270833333334 0.059375 0.07161458333333333
2 0.38203125 0.4700520833333333 0.03671875 0.053385416666666664
2 0.42421875 0.4075520833333333 0.02421875 0.040364583333333336
2 0.41640625 0.37890625 0.0203125 0.029947916666666668
2 0.4390625 0.34375 0.01171875 0.01953125
2 0.39765625 0.2981770833333333 0.021875 0.01171875
2 0.4796875 0.3359375 0.01015625 0.015625
2 0.22578125 0.2942708333333333 0.03203125 0.02734375
2 0.13515625 0.2981770833333333 0.02890625 0.026041666666666668
2 0.82109375 0.3020833333333333 0.02421875 0.020833333333333332
2 0.55078125 0.2981770833333333 0.0234375 0.014322916666666666
2 0.6171875 0.4388020833333333 0.03125 0.046875
2 0.54921875 0.3854166666666667 0.015625 0.022135416666666668
2 0.5421875 0.3645833333333333 0.01328125 0.022135416666666668
2 0.55546875 0.3541666666666667 0.0125 0.020833333333333332
2 0.5515625 0.3307291666666667 0.0078125 0.013020833333333334
2 0.56484375 0.3307291666666667 0.0078125 0.015625