2 0.95625 0.8255208333333334 0.0875 0.21354166666666666
1 0.1625 0.078125 0.02421875 0.041666666666666664
2 0.19609375 0.08854166666666667 0.021875 0.0234375
2 0.44375 0.16927083333333334 0.01328125 0.022135416666666668
2 0.55703125 0.22786458333333334 0.025 0.040364583333333336
2 0.59765625 0.22916666666666666 0.025 0.032552083333333336
2 0.68125 0.234375 0.03046875 0.0390625
2 0.6359375 0.20182291666666666 0.02109375 0.026041666666666668
2 0.58203125 0.17057291666666666 0.0171875 0.02734375
2 0.59765625 0.16536458333333334 0.01484375 0.01953125
2 0.5734375 0.14192708333333334 0.01015625 0.016927083333333332
2 0.56640625 0.13411458333333334 0.0078125 0.014322916666666666
2 0.74921875 0.2903645833333333 0.046875 0.053385416666666664
2 0.8390625 0.3958333333333333 0.08515625 0.08072916666666667