2 0.04609375 0.7708333333333334 0.0921875 0.21614583333333334
2 0.89140625 0.9401041666666666 0.2046875 0.11979166666666667
2 0.96484375 0.4622395833333333 0.0703125 0.1484375
2 0.67578125 0.3359375 0.05 0.07291666666666667
2 0.68125 0.2734375 0.040625 0.053385416666666664
2 0.6625 0.22135416666666666 0.02578125 0.03515625
2 0.63125 0.19661458333333334 0.01953125 0.026041666666666668
2 0.59296875 0.18098958333333334 0.01875 0.028645833333333332
2 0.58203125 0.16536458333333334 0.01640625 0.020833333333333332
2 0.5921875 0.15755208333333334 0.009375 0.01953125
2 0.53828125 0.1640625 0.01328125 0.0234375
2 0.55859375 0.16666666666666666 0.01171875 0.016927083333333332
2 0.54921875 0.14973958333333334 0.01328125 0.022135416666666668
2 0.53125 0.14322916666666666 0.009375 0.016927083333333332
2 0.5734375 0.13932291666666666 0.01171875 0.018229166666666668
2 0.425 0.2916666666666667 0.0375 0.0703125
2 0.41328125 0.19270833333333334 0.02109375 0.028645833333333332
2 0.46875 0.19401041666666666 0.0171875 0.029947916666666668
2 0.45859375 0.1640625 0.01484375 0.026041666666666668
2 0.43359375 0.15234375 0.01328125 0.01953125
2 0.446875 0.140625 0.00859375 0.014322916666666666
2 0.29296875 0.09895833333333333 0.015625 0.018229166666666668
2 0.23046875 0.09895833333333333 0.01796875 0.016927083333333332