2 0.97421875 0.3372395833333333 0.0484375 0.033854166666666664
2 0.6875 0.3307291666666667 0.0171875 0.014322916666666666
2 0.46875 0.3268229166666667 0.021875 0.013020833333333334
2 0.30546875 0.3255208333333333 0.0125 0.016927083333333332
2 0.00859375 0.3255208333333333 0.0171875 0.0390625
2 0.71484375 0.5286458333333334 0.04765625 0.06640625
2 0.68125 0.4622395833333333 0.0296875 0.032552083333333336
2 0.625 0.4153645833333333 0.01875 0.024739583333333332
2 0.5625 0.3997395833333333 0.01640625 0.0234375
2 0.603125 0.3984375 0.01640625 0.020833333333333332
2 0.5921875 0.3893229166666667 0.01171875 0.015625
2 0.5828125 0.37890625 0.0109375 0.016927083333333332
2 0.54921875 0.37890625 0.01171875 0.016927083333333332
2 0.53203125 0.3802083333333333 0.01015625 0.015625
2 0.559375 0.3736979166666667 0.009375 0.013020833333333334
2 0.4765625 0.3919270833333333 0.01328125 0.020833333333333332
2 0.54140625 0.3658854166666667 0.0078125 0.013020833333333334
2 0.42421875 0.3997395833333333 0.01640625 0.0234375
2 0.4171875 0.3854166666666667 0.01171875 0.020833333333333332
2 0.43203125 0.3763020833333333 0.01015625 0.015625
2 0.4390625 0.3684895833333333 0.01015625 0.014322916666666666
2 0.44609375 0.36328125 0.00703125 0.01171875
2 0.459375 0.3645833333333333 0.00859375 0.013020833333333334
2 0.45859375 0.3828125 0.0125 0.020833333333333332
2 0.5625 0.359375 0.0078125 0.013020833333333334