2 0.15859375 0.08723958333333333 0.0375 0.033854166666666664
2 0.24296875 0.09114583333333333 0.0203125 0.022135416666666668
2 0.2953125 0.08984375 0.0125 0.01953125
2 0.21953125 0.08984375 0.01953125 0.022135416666666668
2 0.1578125 0.3502604166666667 0.075 0.08333333333333333
2 0.175 0.4036458333333333 0.10625 0.13671875
2 0.31328125 0.3424479166666667 0.0625 0.11588541666666667
2 0.375 0.4010416666666667 0.0625 0.10677083333333333
2 0.55625 0.2109375 0.025 0.0390625
2 0.5828125 0.19921875 0.0265625 0.0390625
2 0.66796875 0.21744791666666666 0.034375 0.046875
2 0.55390625 0.15494791666666666 0.0125 0.01953125
2 0.57265625 0.13541666666666666 0.009375 0.016927083333333332
2 0.58125 0.14453125 0.01171875 0.016927083333333332
2 0.565625 0.14583333333333334 0.0125 0.015625
2 0.5453125 0.14192708333333334 0.01015625 0.016927083333333332
2 0.52734375 0.13932291666666666 0.0109375 0.018229166666666668
2 0.4328125 0.15885416666666666 0.01328125 0.020833333333333332
2 0.46953125 0.13151041666666666 0.009375 0.014322916666666666