2 0.12109375 0.13671875 0.0265625 0.024739583333333332
2 0.2390625 0.13802083333333334 0.0359375 0.020833333333333332
2 0.1859375 0.13411458333333334 0.0171875 0.020833333333333332
2 0.5546875 0.203125 0.01484375 0.015625
2 0.553125 0.1796875 0.01015625 0.016927083333333332
2 0.5265625 0.18098958333333334 0.01015625 0.016927083333333332
2 0.5359375 0.24869791666666666 0.01953125 0.028645833333333332
2 0.5984375 0.29296875 0.03203125 0.04296875
2 0.653125 0.296875 0.0421875 0.0546875
2 0.14140625 0.4505208333333333 0.1 0.125
2 0.31875 0.5169270833333334 0.08359375 0.1328125
2 0.35546875 0.26171875 0.03046875 0.048177083333333336
2 0.43671875 0.203125 0.0140625 0.022135416666666668
2 0.46015625 0.20182291666666666 0.0140625 0.022135416666666668
2 0.425 0.19401041666666666 0.01171875 0.015625
2 0.434375 0.17057291666666666 0.009375 0.01171875