0 0.0859375 0.3645833333333333 0.171875 0.30078125
2 0.8390625 0.5234375 0.14140625 0.17838541666666666
2 0.1328125 0.09114583333333333 0.028125 0.028645833333333332
2 0.27421875 0.09244791666666667 0.015625 0.018229166666666668
2 0.32109375 0.2421875 0.034375 0.052083333333333336
2 0.3859375 0.18098958333333334 0.0171875 0.024739583333333332
2 0.41640625 0.15364583333333334 0.0140625 0.022135416666666668
2 0.45234375 0.15755208333333334 0.01171875 0.018229166666666668
2 0.43828125 0.13411458333333334 0.009375 0.015625
2 0.46328125 0.14192708333333334 0.0109375 0.013020833333333334
2 0.5578125 0.17317708333333334 0.01484375 0.0234375
2 0.59375 0.18229166666666666 0.0171875 0.026041666666666668
2 0.621875 0.18880208333333334 0.01875 0.02734375
2 0.578125 0.1484375 0.01015625 0.016927083333333332
2 0.56953125 0.16015625 0.01328125 0.022135416666666668
2 0.65625 0.25 0.03046875 0.041666666666666664
2 0.88828125 0.3932291666666667 0.08515625 0.09635416666666667