2 0.1421875 0.09765625 0.03046875 0.0234375
2 0.259375 0.09765625 0.0359375 0.018229166666666668
2 0.375 0.09244791666666667 0.0140625 0.015625
2 0.30859375 0.2786458333333333 0.03828125 0.0546875
2 0.36953125 0.2903645833333333 0.03828125 0.05859375
2 0.4125 0.1796875 0.0140625 0.024739583333333332
2 0.4328125 0.16145833333333334 0.01015625 0.016927083333333332
2 0.0703125 0.71875 0.13984375 0.3294270833333333
2 0.94765625 0.4466145833333333 0.1046875 0.09895833333333333
2 0.765625 0.3671875 0.071875 0.078125
2 0.74375 0.2864583333333333 0.04921875 0.059895833333333336
2 0.653125 0.25 0.03203125 0.048177083333333336
2 0.609375 0.20052083333333334 0.0203125 0.029947916666666668
2 0.55703125 0.17578125 0.01484375 0.022135416666666668
2 0.57734375 0.1640625 0.0140625 0.0234375
2 0.42734375 0.14583333333333334 0.01015625 0.014322916666666666