2 0.62890625 0.7864583333333334 0.1875 0.2682291666666667
2 0.328125 0.7109375 0.1578125 0.234375
2 0.36484375 0.609375 0.13984375 0.20703125
2 0.3796875 0.4817708333333333 0.1 0.05859375
2 0.36328125 0.4283854166666667 0.09609375 0.061197916666666664
2 0.4046875 0.3802083333333333 0.0875 0.14973958333333334
2 0.6578125 0.6002604166666666 0.14765625 0.13151041666666666
2 0.6578125 0.4817708333333333 0.13203125 0.10416666666666667
2 0.5984375 0.4895833333333333 0.10390625 0.15755208333333334
2 0.703125 0.32421875 0.05546875 0.11848958333333333
6 0.6390625 0.3450520833333333 0.11796875 0.19010416666666666
6 0.45859375 0.2747395833333333 0.06328125 0.14453125
1 0.5515625 0.30078125 0.06015625 0.11067708333333333
1 0.36015625 0.22005208333333334 0.04609375 0.055989583333333336
2 0.56328125 0.3411458333333333 0.03828125 0.10807291666666667
2 0.03203125 0.3958333333333333 0.06328125 0.13671875
2 0.07578125 0.3502604166666667 0.08046875 0.11067708333333333
2 0.12421875 0.3359375 0.06640625 0.10546875
2 0.15546875 0.3177083333333333 0.0640625 0.11197916666666667
2 0.19765625 0.3098958333333333 0.05546875 0.09505208333333333
2 0.21796875 0.29296875 0.06171875 0.09765625
2 0.25390625 0.2877604166666667 0.03046875 0.08203125
2 0.30390625 0.2877604166666667 0.02421875 0.033854166666666664