2 0.0125 0.4296875 0.025 0.14453125
2 0.090625 0.3515625 0.075 0.11197916666666667
2 0.13203125 0.3294270833333333 0.06875 0.11588541666666667
2 0.18203125 0.3151041666666667 0.06015625 0.09375
2 0.20234375 0.2955729166666667 0.06484375 0.109375
2 0.2421875 0.2877604166666667 0.03203125 0.09375
1 0.3515625 0.22135416666666666 0.04453125 0.059895833333333336
2 0.69765625 0.3216145833333333 0.0484375 0.10807291666666667
6 0.63125 0.328125 0.09765625 0.18098958333333334
6 0.459375 0.2825520833333333 0.05859375 0.1484375
1 0.5515625 0.3020833333333333 0.0578125 0.10546875
2 0.2984375 0.9114583333333334 0.2390625 0.17578125
2 0.6921875 0.91015625 0.21640625 0.1796875
2 0.6140625 0.703125 0.17265625 0.25
2 0.34453125 0.6497395833333334 0.15546875 0.21484375
2 0.37890625 0.5690104166666666 0.13828125 0.19140625
2 0.6515625 0.5911458333333334 0.1390625 0.19401041666666666
2 0.64296875 0.4895833333333333 0.13203125 0.16536458333333334
2 0.5875 0.4622395833333333 0.09375 0.15104166666666666
2 0.37421875 0.4088541666666667 0.08671875 0.059895833333333336
2 0.40703125 0.3359375 0.08671875 0.07942708333333333