2 0.303125 0.9700520833333334 0.17265625 0.059895833333333336
2 0.70078125 0.8880208333333334 0.2359375 0.22395833333333334
2 0.346875 0.7526041666666666 0.1921875 0.2552083333333333
2 0.6640625 0.7578125 0.175 0.23828125
2 0.36953125 0.5559895833333334 0.13671875 0.19140625
2 0.59765625 0.59375 0.1484375 0.2109375
2 0.634375 0.5169270833333334 0.12578125 0.17317708333333334
2 0.61953125 0.42578125 0.1171875 0.12890625
2 0.67578125 0.3190104166666667 0.04765625 0.09895833333333333
6 0.61953125 0.3138020833333333 0.0890625 0.18229166666666666
2 0.4046875 0.5 0.10859375 0.17578125
2 0.38203125 0.4244791666666667 0.0984375 0.08463541666666667
2 0.375 0.3645833333333333 0.08203125 0.040364583333333336
2 0.5796875 0.4205729166666667 0.0796875 0.13671875
6 0.4609375 0.2799479166666667 0.05703125 0.13932291666666666
2 0.41640625 0.3098958333333333 0.06953125 0.06770833333333333
2 0.41484375 0.37890625 0.06796875 0.09765625
2 0.559375 0.3098958333333333 0.02578125 0.06640625
1 0.5546875 0.2981770833333333 0.06015625 0.0859375
1 0.3375 0.21614583333333334 0.04375 0.05859375
2 0.03125 0.3880208333333333 0.0625 0.13020833333333334
2 0.07734375 0.3606770833333333 0.0796875 0.13151041666666666
2 0.14375 0.3307291666666667 0.078125 0.109375
2 0.17109375 0.30078125 0.07109375 0.12239583333333333
2 0.21328125 0.2955729166666667 0.0296875 0.11588541666666667
2 0.2359375 0.2994791666666667 0.03671875 0.0703125
2 0.26328125 0.3059895833333333 0.01875 0.0390625
2 0.28671875 0.2721354166666667 0.02265625 0.03125
2 0.39296875 0.2565104166666667 0.01640625 0.02734375
2 0.30859375 0.23697916666666666 0.02109375 0.032552083333333336
2 0.26328125 0.234375 0.0203125 0.028645833333333332
2 0.3203125 0.2955729166666667 0.02734375 0.029947916666666668