2 0.03125 0.39453125 0.0625 0.13802083333333334
2 0.05625 0.3723958333333333 0.07890625 0.12630208333333334
2 0.109375 0.3359375 0.06953125 0.10416666666666667
2 0.0859375 0.2903645833333333 0.0453125 0.049479166666666664
2 0.153125 0.32421875 0.065625 0.10286458333333333
2 0.175 0.3151041666666667 0.06328125 0.11588541666666667
2 0.2109375 0.3059895833333333 0.04296875 0.09505208333333333
2 0.228125 0.2903645833333333 0.04765625 0.09635416666666667
2 0.31328125 0.79296875 0.1890625 0.2591145833333333
2 0.646875 0.8658854166666666 0.215625 0.2682291666666667
2 0.6640625 0.6940104166666666 0.16484375 0.22916666666666666
2 0.6625 0.5494791666666666 0.1515625 0.18098958333333334
2 0.61015625 0.5182291666666666 0.1109375 0.18098958333333334
2 0.7078125 0.3294270833333333 0.04765625 0.1171875
2 0.35625 0.6653645833333334 0.1546875 0.23046875
2 0.38046875 0.5885416666666666 0.15 0.20833333333333334
2 0.3546875 0.4908854166666667 0.11328125 0.13411458333333334
2 0.3984375 0.40234375 0.1046875 0.15494791666666666
6 0.4609375 0.2747395833333333 0.07109375 0.15885416666666666
6 0.640625 0.3645833333333333 0.13828125 0.20703125
1 0.55234375 0.296875 0.059375 0.1171875
1 0.36953125 0.2265625 0.046875 0.07552083333333333
2 0.56171875 0.3515625 0.0375 0.11328125
2 0.3234375 0.28515625 0.02734375 0.04296875