2 0.01875 0.39453125 0.03671875 0.13151041666666666
2 0.05546875 0.3697916666666667 0.08671875 0.125
2 0.10390625 0.3411458333333333 0.0765625 0.12630208333333334
2 0.165625 0.3203125 0.07421875 0.10286458333333333
2 0.18828125 0.296875 0.0671875 0.11848958333333333
2 0.25078125 0.2994791666666667 0.034375 0.061197916666666664
2 0.2296875 0.2903645833333333 0.021875 0.10677083333333333
1 0.34453125 0.21875 0.04375 0.059895833333333336
2 0.3296875 0.8528645833333334 0.21015625 0.2825520833333333
2 0.72890625 0.9544270833333334 0.1921875 0.09114583333333333
2 0.67578125 0.8541666666666666 0.19140625 0.2669270833333333
2 0.36015625 0.59765625 0.14453125 0.20182291666666666
2 0.60390625 0.6432291666666666 0.1609375 0.22526041666666666
2 0.64296875 0.55078125 0.134375 0.18359375
2 0.68828125 0.3203125 0.04453125 0.109375
2 0.55859375 0.4375 0.04140625 0.14322916666666666
2 0.39765625 0.53125 0.11640625 0.18359375
2 0.42109375 0.35546875 0.0796875 0.14322916666666666
2 0.378125 0.4231770833333333 0.090625 0.03515625
6 0.62421875 0.3111979166666667 0.08828125 0.16276041666666666
6 0.46171875 0.28125 0.05625 0.14583333333333334
1 0.54921875 0.3020833333333333 0.05625 0.10026041666666667
2 0.63203125 0.4427083333333333 0.09375 0.11328125
2 0.3796875 0.3971354166666667 0.10625 0.07161458333333333