4 0.07109375 0.11328125 0.1421875 0.2265625
2 0.021875 0.23958333333333334 0.04375 0.13541666666666666
2 0.24140625 0.06380208333333333 0.0546875 0.08463541666666667
2 0.43046875 0.13020833333333334 0.0828125 0.13671875
2 0.70390625 0.8997395833333334 0.2640625 0.20052083333333334
2 0.92578125 0.75390625 0.1484375 0.3359375
2 0.840625 0.4635416666666667 0.1359375 0.23177083333333334
2 0.6390625 0.3072916666666667 0.1125 0.203125
2 0.61796875 0.17447916666666666 0.09375 0.10416666666666667
2 0.78515625 0.16796875 0.0828125 0.1171875
2 0.93828125 0.17447916666666666 0.1234375 0.10677083333333333
2 0.78125 0.09114583333333333 0.06796875 0.0859375
2 0.7234375 0.040364583333333336 0.053125 0.08072916666666667
2 0.6125 0.09635416666666667 0.06171875 0.07552083333333333
2 0.5609375 0.03515625 0.04375 0.06901041666666667
2 0.5953125 0.06640625 0.05390625 0.08072916666666667
2 0.66953125 0.057291666666666664 0.0546875 0.07942708333333333
2 0.6609375 0.01171875 0.046875 0.022135416666666668
2 0.78515625 0.037760416666666664 0.059375 0.07552083333333333
3 0.8328125 0.053385416666666664 0.02890625 0.06510416666666667