1 0.2703125 0.796875 0.47421875 0.4049479166666667
1 0.12734375 0.08203125 0.0796875 0.1640625
1 0.634375 0.08463541666666667 0.08671875 0.16927083333333334
1 0.04921875 0.037760416666666664 0.0671875 0.07552083333333333
2 0.04375 0.20703125 0.0875 0.10416666666666667
2 0.54609375 0.22265625 0.09375 0.14453125
2 0.63125 0.3190104166666667 0.103125 0.17057291666666666
2 0.7328125 0.21484375 0.0859375 0.13671875
2 0.8671875 0.17838541666666666 0.11796875 0.12630208333333334
2 0.87890625 0.25390625 0.096875 0.15234375
2 0.96640625 0.546875 0.0671875 0.25
2 0.78828125 0.033854166666666664 0.0578125 0.06640625
2 0.7359375 0.0234375 0.040625 0.045572916666666664
2 0.53125 0.033854166666666664 0.0578125 0.06640625
3 0.390625 0.19921875 0.03671875 0.12239583333333333
3 0.71640625 0.032552083333333336 0.0203125 0.06510416666666667
3 0.575 0.0390625 0.021875 0.07682291666666667
3 0.49375 0.09895833333333333 0.02421875 0.09244791666666667
3 0.478125 0.026041666666666668 0.01796875 0.05078125
3 0.359375 0.018229166666666668 0.0140625 0.036458333333333336
2 0.2390625 0.049479166666666664 0.05390625 0.07682291666666667
2 0.1875 0.1484375 0.09375 0.12890625