3 0.53359375 0.25390625 0.0421875 0.14192708333333334
1 0.715625 0.50390625 0.2484375 0.55078125
3 0.83046875 0.05078125 0.021875 0.07682291666666667
3 0.60703125 0.028645833333333332 0.0171875 0.055989583333333336
3 0.7359375 0.03515625 0.028125 0.06901041666666667
2 0.43203125 0.13151041666666666 0.06640625 0.09114583333333333
2 0.56328125 0.07552083333333333 0.05390625 0.08333333333333333
2 0.74609375 0.12630208333333334 0.06796875 0.10807291666666667
2 0.6875 0.1953125 0.08125 0.11197916666666667
2 0.78828125 0.036458333333333336 0.0546875 0.07291666666666667
2 0.76015625 0.016927083333333332 0.02265625 0.032552083333333336
2 0.24296875 0.08984375 0.059375 0.0859375
4 0.25546875 0.02734375 0.08828125 0.0546875
2 0.08984375 0.053385416666666664 0.04921875 0.059895833333333336
2 0.93671875 0.3528645833333333 0.11953125 0.17838541666666666
2 0.9375 0.15625 0.125 0.109375
2 0.703125 0.020833333333333332 0.040625 0.041666666666666664