3 0.01953125 0.3033854166666667 0.0390625 0.13802083333333334
3 0.06796875 0.16927083333333334 0.03125 0.06770833333333333
3 0.10078125 0.052083333333333336 0.01875 0.06770833333333333
3 0.4734375 0.15755208333333334 0.03828125 0.11979166666666667
3 0.7953125 0.7291666666666666 0.07734375 0.3138020833333333
3 0.81484375 0.44140625 0.0546875 0.22265625
3 0.8703125 0.3697916666666667 0.04765625 0.17838541666666666
3 0.7328125 0.045572916666666664 0.02109375 0.08333333333333333
2 0.915625 0.16927083333333334 0.16875 0.109375
2 0.1859375 0.08723958333333333 0.06953125 0.10807291666666667
2 0.27890625 0.09244791666666667 0.0703125 0.1015625
2 0.78984375 0.036458333333333336 0.0546875 0.07291666666666667
2 0.2265625 0.6197916666666666 0.19296875 0.3294270833333333
2 0.3359375 0.30859375 0.12578125 0.2955729166666667
2 0.6546875 0.2552083333333333 0.0984375 0.16666666666666666
2 0.5359375 0.10546875 0.05859375 0.09635416666666667
2 0.60625 0.03515625 0.0515625 0.06901041666666667
2 0.7046875 0.17317708333333334 0.078125 0.14322916666666666
3 0.665625 0.11067708333333333 0.02109375 0.08072916666666667
3 0.834375 0.052083333333333336 0.03046875 0.0703125