2 0.3265625 0.4153645833333333 0.12734375 0.203125
2 0.15546875 0.12890625 0.0765625 0.08463541666666667
2 0.2109375 0.08463541666666667 0.0578125 0.08463541666666667
2 0.3484375 0.03515625 0.05390625 0.0703125
2 0.5125 0.045572916666666664 0.05234375 0.078125
2 0.7265625 0.79296875 0.19921875 0.3619791666666667
2 0.9015625 0.5234375 0.15390625 0.24739583333333334
2 0.6578125 0.4713541666666667 0.13515625 0.21484375
2 0.640625 0.3098958333333333 0.09765625 0.13411458333333334
2 0.6875 0.24739583333333334 0.0921875 0.17578125
2 0.9125 0.17057291666666666 0.13203125 0.11067708333333333
2 0.95390625 0.11067708333333333 0.0921875 0.061197916666666664
2 0.7625 0.20572916666666666 0.06875 0.12890625
2 0.7 0.09765625 0.06171875 0.08984375
2 0.62421875 0.18359375 0.071875 0.12630208333333334
2 0.62734375 0.10416666666666667 0.0671875 0.09505208333333333
2 0.61484375 0.07421875 0.053125 0.08203125
2 0.70078125 0.0390625 0.0484375 0.057291666666666664
2 0.7890625 0.037760416666666664 0.05078125 0.07552083333333333
3 0.6703125 0.032552083333333336 0.01640625 0.06380208333333333
3 0.8328125 0.05859375 0.03046875 0.06901041666666667
6 0.821875 0.3033854166666667 0.121875 0.2747395833333333