3 0.11328125 0.048177083333333336 0.0234375 0.07421875
3 0.140625 0.053385416666666664 0.0203125 0.078125
3 0.3484375 0.84375 0.0875 0.3125
3 0.6796875 0.5299479166666666 0.0578125 0.23046875
3 0.4828125 0.19010416666666666 0.0328125 0.12760416666666666
3 0.5328125 0.140625 0.03203125 0.109375
3 0.5890625 0.06380208333333333 0.02734375 0.07942708333333333
3 0.65859375 0.02734375 0.0234375 0.0546875
3 0.83125 0.05078125 0.02265625 0.07421875
2 0.2234375 0.69921875 0.20859375 0.4127604166666667
2 0.0828125 0.16666666666666666 0.09453125 0.11979166666666667
2 0.146875 0.21744791666666666 0.08984375 0.12760416666666666
2 0.3015625 0.0234375 0.046875 0.046875
2 0.42578125 0.15104166666666666 0.0703125 0.11197916666666667
2 0.46484375 0.049479166666666664 0.0578125 0.09895833333333333
2 0.6421875 0.23828125 0.07734375 0.13932291666666666
2 0.7609375 0.022135416666666668 0.02890625 0.04296875
2 0.78984375 0.036458333333333336 0.0515625 0.07291666666666667
2 0.8453125 0.37890625 0.13046875 0.19140625
1 0.21640625 0.059895833333333336 0.0640625 0.11979166666666667
2 0.3609375 0.028645833333333332 0.05390625 0.057291666666666664