2 0.078125 0.8880208333333334 0.15625 0.22395833333333334
2 0.86953125 0.84765625 0.2609375 0.3046875
2 0.7578125 0.4830729166666667 0.146875 0.22526041666666666
2 0.9421875 0.17447916666666666 0.115625 0.1015625
2 0.71875 0.13932291666666666 0.0671875 0.1015625
2 0.7875 0.040364583333333336 0.05859375 0.08072916666666667
2 0.709375 0.022135416666666668 0.04609375 0.04296875
2 0.6921875 0.07552083333333333 0.06015625 0.08723958333333333
2 0.55703125 0.06901041666666667 0.034375 0.08463541666666667
2 0.6640625 0.032552083333333336 0.04765625 0.06510416666666667
2 0.3109375 0.07161458333333333 0.05 0.09505208333333333
3 0.16796875 0.09375 0.0265625 0.08463541666666667
3 0.22265625 0.07421875 0.021875 0.09244791666666667
3 0.8171875 0.19921875 0.04296875 0.13151041666666666
2 0.034375 0.20572916666666666 0.06875 0.11328125
2 0.24453125 0.05078125 0.046875 0.07161458333333333
2 0.28125 0.016927083333333332 0.04140625 0.033854166666666664
1 0.59609375 0.08984375 0.0703125 0.1796875
1 0.6453125 0.24739583333333334 0.1015625 0.265625
3 0.83125 0.053385416666666664 0.02421875 0.06380208333333333