3 0.0265625 0.24869791666666666 0.0421875 0.13411458333333334
3 0.0625 0.22005208333333334 0.03203125 0.11979166666666667
3 0.43515625 0.2890625 0.0515625 0.16536458333333334
3 0.49609375 0.2526041666666667 0.0484375 0.140625
3 0.5140625 0.059895833333333336 0.01953125 0.08854166666666667
3 0.6109375 0.04296875 0.02421875 0.07552083333333333
3 0.83125 0.0546875 0.0265625 0.07161458333333333
3 0.85078125 0.24088541666666666 0.0328125 0.12890625
2 0.9015625 0.3346354166666667 0.11953125 0.18098958333333334
2 0.09765625 0.8346354166666666 0.1953125 0.3307291666666667
2 0.46875 0.6744791666666666 0.1796875 0.3424479166666667
2 0.30859375 0.3515625 0.1421875 0.265625
2 0.60625 0.19140625 0.08125 0.12369791666666667
2 0.63046875 0.11067708333333333 0.0578125 0.09244791666666667
2 0.81875 0.19401041666666666 0.13203125 0.12239583333333333
2 0.78671875 0.037760416666666664 0.0515625 0.07552083333333333
2 0.465625 0.037760416666666664 0.05 0.07552083333333333
2 0.1078125 0.15104166666666666 0.0890625 0.09895833333333333
2 0.18359375 0.09635416666666667 0.08125 0.10416666666666667
2 0.24296875 0.053385416666666664 0.065625 0.10026041666666667
2 0.3015625 0.026041666666666668 0.04609375 0.05078125
3 0.328125 0.028645833333333332 0.01875 0.057291666666666664