3 0.13046875 0.19661458333333334 0.0328125 0.12239583333333333
3 0.515625 0.046875 0.0140625 0.07682291666666667
3 0.83125 0.053385416666666664 0.028125 0.07421875
1 0.95234375 0.08463541666666667 0.0953125 0.16927083333333334
2 0.5171875 0.2630208333333333 0.0921875 0.14583333333333334
2 0.425 0.13802083333333334 0.07421875 0.109375
2 0.54453125 0.14713541666666666 0.071875 0.11197916666666667
1 0.54375 0.044270833333333336 0.05546875 0.08854166666666667
2 0.08359375 0.16276041666666666 0.1078125 0.14583333333333334
2 0.271875 0.044270833333333336 0.05234375 0.07682291666666667
2 0.384375 0.016927083333333332 0.040625 0.033854166666666664
2 0.30625 0.08072916666666667 0.0390625 0.07942708333333333
2 0.7890625 0.036458333333333336 0.0578125 0.07161458333333333
2 0.759375 0.018229166666666668 0.025 0.036458333333333336