2 0.24140625 0.4739583333333333 0.1609375 0.28515625
2 0.8265625 0.57421875 0.175 0.27734375
2 0.6515625 0.2734375 0.10234375 0.1640625
2 0.828125 0.17838541666666666 0.09765625 0.16666666666666666
2 0.93984375 0.14583333333333334 0.1203125 0.11067708333333333
2 0.4484375 0.09505208333333333 0.06328125 0.09635416666666667
2 0.59140625 0.0703125 0.05625 0.08984375
2 0.671875 0.028645833333333332 0.04921875 0.057291666666666664
2 0.5765625 0.033854166666666664 0.05703125 0.06640625
2 0.78828125 0.028645833333333332 0.0578125 0.057291666666666664
3 0.5 0.5065104166666666 0.0609375 0.22135416666666666
3 0.6390625 0.453125 0.0609375 0.2109375
3 0.92265625 0.16796875 0.046875 0.11588541666666667
3 0.83125 0.04296875 0.021875 0.0625