3 0.4375 0.7486979166666666 0.07890625 0.3111979166666667
3 0.934375 0.4661458333333333 0.0484375 0.20442708333333334
3 0.9421875 0.11979166666666667 0.05 0.10677083333333333
3 0.3375 0.028645833333333332 0.01953125 0.057291666666666664
3 0.31875 0.018229166666666668 0.01328125 0.036458333333333336
0 0.4875 0.2786458333333333 0.16640625 0.421875
2 0.91796875 0.90625 0.1640625 0.1875
2 0.22421875 0.13671875 0.0734375 0.10026041666666667
2 0.109375 0.09635416666666667 0.06953125 0.08072916666666667
2 0.0125 0.2630208333333333 0.02421875 0.09765625
1 0.63515625 0.1328125 0.075 0.2109375
2 0.546875 0.0703125 0.05546875 0.08854166666666667
2 0.76640625 0.08723958333333333 0.065625 0.12239583333333333
2 0.78984375 0.037760416666666664 0.0515625 0.07552083333333333
2 0.68984375 0.06510416666666667 0.0640625 0.1171875
2 0.65859375 0.01953125 0.046875 0.0390625
2 0.27578125 0.036458333333333336 0.0609375 0.07291666666666667
3 0.8328125 0.057291666666666664 0.0265625 0.06770833333333333