2 0.5921875 0.90625 0.25 0.1875
2 0.12421875 0.8411458333333334 0.2484375 0.3177083333333333
2 0.478125 0.4830729166666667 0.15390625 0.2903645833333333
2 0.54921875 0.3072916666666667 0.109375 0.16276041666666666
2 0.7078125 0.4466145833333333 0.13125 0.21744791666666666
2 0.86953125 0.2591145833333333 0.1 0.15494791666666666
2 0.79375 0.08463541666666667 0.08984375 0.12760416666666666
2 0.5875 0.022135416666666668 0.04765625 0.044270833333333336
2 0.6578125 0.1328125 0.0703125 0.10286458333333333
2 0.05 0.265625 0.1 0.14583333333333334
2 0.275 0.08984375 0.0703125 0.11197916666666667
2 0.315625 0.057291666666666664 0.046875 0.07161458333333333
2 0.47734375 0.032552083333333336 0.05 0.06380208333333333
3 0.3796875 0.26171875 0.03828125 0.14322916666666666
3 0.6984375 0.20442708333333334 0.03203125 0.11588541666666667
3 0.746875 0.06770833333333333 0.02265625 0.08854166666666667
3 0.49375 0.12109375 0.02890625 0.10416666666666667
3 0.4703125 0.06770833333333333 0.0234375 0.08463541666666667
3 0.6359375 0.059895833333333336 0.021875 0.078125
3 0.64765625 0.032552083333333336 0.021875 0.06380208333333333