3 0.47421875 0.3177083333333333 0.05 0.171875
3 0.6328125 0.2630208333333333 0.040625 0.14713541666666666
3 0.559375 0.09635416666666667 0.0265625 0.09765625
3 0.8234375 0.20182291666666666 0.03671875 0.13151041666666666
3 0.671875 0.06640625 0.0203125 0.08203125
3 0.646875 0.036458333333333336 0.0171875 0.07161458333333333
2 0.1625 0.18619791666666666 0.09921875 0.140625
2 0.71875 0.8046875 0.20234375 0.34765625
2 0.69140625 0.5091145833333334 0.140625 0.2565104166666667
2 0.8140625 0.4231770833333333 0.12734375 0.19401041666666666
2 0.90625 0.3177083333333333 0.115625 0.15494791666666666
2 0.95234375 0.15104166666666666 0.0953125 0.13541666666666666
2 0.62890625 0.18619791666666666 0.0796875 0.12890625
2 0.759375 0.20963541666666666 0.08359375 0.125
2 0.7359375 0.125 0.075 0.13932291666666666
2 0.7875 0.040364583333333336 0.05390625 0.08072916666666667
2 0.2890625 0.06901041666666667 0.0765625 0.12890625