3 0.628125 0.54296875 0.06171875 0.23697916666666666
3 0.5421875 0.2591145833333333 0.03828125 0.15234375
3 0.6046875 0.022135416666666668 0.02109375 0.04296875
2 0.353125 0.2682291666666667 0.1109375 0.21354166666666666
2 0.0859375 0.87890625 0.171875 0.2421875
2 0.75390625 0.765625 0.2421875 0.4674479166666667
2 0.6390625 0.18489583333333334 0.08515625 0.15494791666666666
2 0.7859375 0.029947916666666668 0.053125 0.059895833333333336
2 0.90390625 0.11979166666666667 0.1921875 0.203125
2 0.7484375 0.2513020833333333 0.09140625 0.14453125
2 0.9 0.2825520833333333 0.11484375 0.1171875
2 0.92421875 0.48828125 0.1515625 0.3138020833333333
2 0.0421875 0.2526041666666667 0.08359375 0.2669270833333333
2 0.103125 0.046875 0.06796875 0.06770833333333333
2 0.10234375 0.13802083333333334 0.1015625 0.12630208333333334
3 0.8296875 0.03515625 0.02421875 0.0703125