2 0.1921875 0.6744791666666666 0.19765625 0.30078125
2 0.115625 0.040364583333333336 0.06171875 0.08072916666666667
2 0.31953125 0.06901041666666667 0.059375 0.07421875
2 0.3 0.015625 0.04765625 0.029947916666666668
2 0.61796875 0.22526041666666666 0.0875 0.13671875
2 0.88515625 0.16276041666666666 0.18125 0.13932291666666666
2 0.7890625 0.036458333333333336 0.05 0.06640625
2 0.7609375 0.022135416666666668 0.01953125 0.04296875
2 0.6078125 0.1171875 0.07109375 0.08984375
2 0.565625 0.018229166666666668 0.04140625 0.036458333333333336
3 0.08125 0.20703125 0.03046875 0.09895833333333333
3 0.50390625 0.028645833333333332 0.0234375 0.057291666666666664
3 0.83125 0.055989583333333336 0.0203125 0.07161458333333333
3 0.6296875 0.2799479166666667 0.0453125 0.16276041666666666
3 0.76484375 0.3033854166666667 0.04375 0.14453125