1 0.8578125 0.3268229166666667 0.14296875 0.3125
3 0.01640625 0.2578125 0.0328125 0.15755208333333334
3 0.04375 0.15625 0.03671875 0.12630208333333334
3 0.11328125 0.029947916666666668 0.0171875 0.059895833333333336
3 0.684375 0.5364583333333334 0.0609375 0.22916666666666666
3 0.8890625 0.15104166666666666 0.04375 0.08072916666666667
3 0.76328125 0.15364583333333334 0.034375 0.11848958333333333
2 0.24375 0.56640625 0.171875 0.26171875
2 0.1375 0.17838541666666666 0.09765625 0.13020833333333334
2 0.178125 0.0859375 0.08515625 0.11067708333333333
2 0.3328125 0.033854166666666664 0.05390625 0.06640625
2 0.68671875 0.0390625 0.05625 0.078125
2 0.6421875 0.0234375 0.0484375 0.046875
2 0.9515625 0.15364583333333334 0.09609375 0.10026041666666667
2 0.78671875 0.033854166666666664 0.05625 0.06640625
3 0.83203125 0.044270833333333336 0.0265625 0.07682291666666667