1 0.7953125 0.4921875 0.16640625 0.4231770833333333
1 0.153125 0.053385416666666664 0.06328125 0.10677083333333333
2 0.0328125 0.12109375 0.065625 0.08333333333333333
2 0.19375 0.1640625 0.0921875 0.1484375
2 0.3140625 0.046875 0.0609375 0.09114583333333333
2 0.44609375 0.08723958333333333 0.0671875 0.10416666666666667
2 0.646875 0.2526041666666667 0.09609375 0.14192708333333334
2 0.7921875 0.21614583333333334 0.103125 0.13151041666666666
2 0.790625 0.03515625 0.0578125 0.0703125
3 0.14375 0.13671875 0.02265625 0.09895833333333333
3 0.2578125 0.6484375 0.07421875 0.2760416666666667
3 0.49765625 0.21223958333333334 0.0359375 0.13020833333333334
3 0.50234375 0.041666666666666664 0.0203125 0.07552083333333333
3 0.55546875 0.037760416666666664 0.0171875 0.07552083333333333
3 0.678125 0.13671875 0.028125 0.11197916666666667
3 0.675 0.02734375 0.02109375 0.0546875
3 0.69453125 0.08463541666666667 0.0265625 0.09114583333333333
3 0.8171875 0.07942708333333333 0.025 0.08854166666666667
3 0.78515625 0.06510416666666667 0.0234375 0.08463541666666667
3 0.7421875 0.036458333333333336 0.02109375 0.06901041666666667
3 0.73125 0.026041666666666668 0.01640625 0.05078125