3 0.109375 0.89453125 0.09765625 0.20963541666666666
3 0.58046875 0.17317708333333334 0.03125 0.11848958333333333
3 0.5484375 0.059895833333333336 0.02578125 0.08072916666666667
3 0.87890625 0.2747395833333333 0.0390625 0.15104166666666666
3 0.83125 0.0546875 0.01953125 0.078125
3 0.6609375 0.018229166666666668 0.0203125 0.036458333333333336
1 0.94140625 0.11067708333333333 0.1140625 0.22135416666666666
2 0.5875 0.10286458333333333 0.06640625 0.1171875
2 0.54453125 0.033854166666666664 0.046875 0.06770833333333333
2 0.26640625 0.0390625 0.0578125 0.078125
2 0.1796875 0.11458333333333333 0.06015625 0.08984375
2 0.096875 0.09505208333333333 0.053125 0.08854166666666667
2 0.0140625 0.2513020833333333 0.028125 0.11588541666666667